150		
		
0	53	17
0	78	5
1	33	12
1	68	17
2	61	1
2	139	8
3	26	13
3	46	14
4	54	17
5	77	9
6	17	1
6	25	13
6	100	7
7	91	9
7	101	3
7	35	16
8	113	2
9	50	7
9	131	17
9	57	14
9	105	17
10	147	8
10	14	10
11	129	10
11	121	3
11	139	19
12	43	5
12	40	19
12	89	13
12	64	11
13	49	8
14	26	9
14	96	19
14	46	15
15	90	20
16	58	18
16	18	12
16	26	13
17	56	10
17	147	2
18	120	7
19	69	5
19	92	4
19	82	3
19	125	18
19	90	10
19	25	8
20	100	7
20	130	18
20	128	14
21	121	12
21	51	2
21	149	8
21	138	10
21	45	8
21	94	6
21	16	15
22	135	8
22	88	5
22	70	10
23	142	10
23	86	4
23	10	2
23	70	7
23	37	15
24	100	7
24	78	1
24	87	9
24	80	13
24	12	10
24	95	9
25	138	6
25	106	20
26	56	15
26	50	12
26	115	1
26	50	11
26	2	5
26	29	6
26	140	15
26	91	1
27	38	16
27	0	17
27	37	17
27	46	12
28	36	4
28	111	18
28	1	6
28	46	17
28	100	13
28	84	12
29	89	17
29	85	6
29	134	12
29	75	16
29	82	16
29	128	1
29	79	3
29	80	1
29	73	1
29	52	14
29	6	10
30	19	17
30	72	10
30	140	17
30	141	7
30	25	17
30	85	3
30	66	12
30	107	17
31	134	6
31	23	9
31	36	12
32	9	13
32	114	4
32	134	8
32	141	15
32	55	8
32	87	5
33	92	12
33	79	2
33	126	1
33	21	7
33	137	1
33	72	6
33	146	14
34	97	14
34	127	1
34	106	15
34	15	11
34	116	19
34	106	7
34	79	9
35	148	4
35	147	8
35	102	10
35	110	5
36	141	5
36	81	8
36	21	5
36	51	9
36	45	12
36	42	18
37	39	13
37	102	13
37	22	3
37	128	15
38	98	12
38	128	2
38	111	10
38	14	3
38	79	12
38	49	12
38	20	17
38	95	19
38	102	1
39	31	12
39	92	2
39	50	18
39	71	16
40	93	11
40	59	14
40	11	15
40	29	18
40	68	3
41	104	4
41	60	9
41	119	19
41	95	20
41	145	1
41	72	5
42	134	3
42	125	19
42	112	20
42	32	3
43	67	3
43	9	3
43	99	2
43	11	10
44	54	13
44	117	4
44	0	6
44	143	10
44	85	5
44	77	16
44	86	16
44	13	2
44	87	14
44	133	18
44	52	1
44	115	10
45	42	12
45	44	15
45	47	12
45	107	6
45	60	14
45	142	10
45	67	8
45	20	5
45	130	16
46	12	10
46	88	14
46	92	15
46	136	14
46	54	1
46	41	5
46	84	18
46	125	16
46	30	1
46	71	2
46	5	19
46	144	6
47	125	13
47	18	7
47	96	9
47	142	15
47	33	18
48	55	16
48	77	18
48	144	1
48	129	13
48	107	5
48	4	12
48	142	3
49	35	1
49	119	7
49	31	9
49	103	5
49	122	18
49	47	5
49	136	9
49	6	16
50	147	18
50	108	5
50	25	11
50	31	13
51	113	19
51	73	12
51	61	4
51	142	5
51	36	14
51	143	16
52	105	16
52	40	3
52	129	15
52	148	20
52	55	12
52	117	19
52	33	10
53	137	6
53	77	16
53	54	2
53	63	5
53	45	11
53	96	14
53	117	6
53	47	2
54	102	10
54	110	20
54	94	4
54	72	16
54	12	13
55	31	5
55	63	1
55	66	18
55	83	15
55	51	7
56	4	7
56	84	19
56	83	12
56	72	13
56	104	6
56	114	19
56	115	9
56	100	7
57	86	8
57	48	1
57	41	6
57	70	6
57	136	7
57	78	17
57	29	10
57	63	7
57	76	1
57	137	9
58	35	7
58	54	16
58	70	10
58	96	19
58	39	4
58	25	10
59	90	20
59	35	11
59	22	7
59	97	9
59	58	12
59	25	8
59	38	2
59	49	17
60	68	14
60	117	13
60	34	2
60	45	19
60	11	16
60	87	18
60	42	8
60	17	11
60	22	9
61	71	17
61	132	1
61	44	5
61	60	2
61	111	8
61	78	13
61	104	7
61	32	6
61	26	6
62	1	17
63	45	7
64	46	20
65	62	7
66	63	6
67	103	6
67	58	5
67	103	15
67	87	15
67	32	8
67	10	2
67	13	7
67	27	12
68	26	9
68	19	11
69	16	12
69	120	14
69	22	20
69	109	4
69	19	6
70	19	3
70	5	13
70	95	1
70	111	3
71	33	4
71	0	1
71	140	5
71	89	1
71	132	8
72	80	2
73	53	12
73	143	12
73	41	8
74	35	9
74	60	16
75	50	18
75	110	17
75	35	15
75	107	8
75	104	18
76	92	9
76	116	5
76	48	9
76	10	12
76	147	19
76	133	20
77	0	9
77	88	17
77	125	5
77	105	9
77	54	17
78	2	20
78	66	4
78	93	15
78	22	16
78	127	18
78	14	1
78	37	4
78	94	5
79	62	19
79	121	18
79	0	19
79	106	20
79	85	2
79	110	6
79	44	20
79	107	18
80	22	7
80	85	16
80	131	15
80	48	7
80	13	16
80	68	4
81	33	19
81	4	19
81	28	2
81	115	3
81	90	3
81	145	13
82	120	3
83	31	20
84	47	15
84	66	6
84	115	14
84	77	1
84	32	10
85	30	18
85	30	13
85	54	6
85	128	1
85	146	4
85	83	8
85	41	11
86	92	19
86	102	13
86	110	10
86	114	17
86	50	19
86	115	6
87	34	3
87	127	12
87	82	17
87	107	1
87	52	7
87	134	2
87	135	17
87	39	19
87	116	16
88	109	6
88	82	4
88	79	4
88	149	15
88	61	15
88	82	3
88	135	19
88	50	8
88	78	2
88	96	4
88	60	20
88	69	10
88	38	18
88	91	7
88	4	16
88	114	7
88	45	4
88	20	1
88	45	18
88	146	6
89	44	14
89	50	13
89	105	13
89	106	5
89	21	19
90	74	12
90	136	7
90	134	11
90	20	7
90	63	5
90	12	13
90	53	20
90	18	6
90	132	12
90	72	20
91	67	10
92	86	7
93	121	3
94	79	20
94	131	11
94	4	5
94	37	5
94	99	3
94	86	5
94	137	18
94	20	14
94	133	9
94	105	5
95	120	4
95	139	14
95	42	10
95	59	15
96	35	18
96	143	14
96	50	8
96	142	17
96	38	5
97	118	15
97	101	14
97	78	6
97	87	20
97	42	12
98	121	13
98	44	10
98	73	20
98	116	10
98	52	13
98	126	10
99	91	14
99	66	2
99	96	19
99	119	9
99	43	1
99	85	15
100	85	14
100	70	6
100	18	17
100	95	8
100	77	9
100	101	1
100	145	14
101	99	6
101	52	10
101	9	15
101	40	16
102	32	2
102	110	9
103	34	5
103	140	8
104	105	2
104	96	19
104	119	6
104	45	1
104	120	14
104	4	2
104	45	11
104	16	8
104	103	1
105	11	2
105	122	5
105	23	17
105	136	9
105	63	14
105	71	2
105	53	9
105	85	15
105	121	3
105	111	20
105	106	9
106	63	11
107	117	12
108	91	7
108	115	16
108	5	11
108	10	19
108	65	15
108	83	16
108	55	10
108	125	10
108	114	20
108	19	18
109	85	6
109	64	12
109	114	16
109	26	7
109	19	14
109	143	11
109	19	19
110	2	1
110	95	8
110	122	4
110	143	6
110	4	17
110	87	5
110	101	3
110	108	7
110	50	7
111	148	10
112	31	7
112	17	2
113	67	15
114	58	3
114	93	15
114	6	17
114	17	1
114	117	9
114	110	13
114	71	3
114	144	18
114	138	11
114	118	1
114	127	15
114	129	20
114	93	9
114	141	11
114	146	18
114	61	19
114	142	12
114	73	2
114	115	5
114	136	15
114	74	18
114	147	20
114	83	5
114	69	18
114	16	13
114	47	12
115	40	6
115	48	8
115	141	3
115	81	18
115	58	11
115	43	13
115	50	13
115	67	7
115	41	2
115	98	16
115	39	13
116	112	1
116	26	9
116	96	13
116	141	6
116	67	16
117	122	10
118	100	17
118	28	18
118	72	1
118	119	15
118	127	6
118	41	18
118	13	8
118	143	11
118	28	13
118	42	14
118	35	2
118	8	7
118	101	5
118	57	1
118	65	5
118	113	12
118	37	13
119	2	16
120	23	10
121	98	11
121	1	4
121	84	20
121	14	1
121	107	14
121	129	18
121	101	6
121	17	12
121	34	3
121	26	16
121	75	12
121	11	11
121	43	5
121	98	8
121	50	2
121	62	17
121	148	2
121	52	3
121	56	3
121	107	12
122	45	11
122	148	16
122	143	20
122	118	5
122	42	7
122	24	4
123	28	1
123	48	17
123	36	8
123	114	9
123	37	10
124	29	3
124	133	12
124	83	7
124	21	18
125	26	9
125	133	16
125	121	19
126	59	3
126	79	14
126	92	6
126	66	11
127	33	13
127	48	19
128	23	4
128	90	6
128	2	11
128	83	6
129	127	16
129	84	11
129	89	9
129	131	8
129	65	3
130	99	6
130	113	10
130	79	19
130	21	17
130	75	3
130	112	9
130	133	3
130	143	18
130	85	1
130	5	6
130	62	10
130	68	3
130	120	10
131	102	8
131	96	18
131	66	1
131	7	15
131	44	3
132	29	12
132	123	7
132	106	12
132	99	18
133	120	5
133	85	19
133	103	13
133	70	11
134	145	9
134	55	18
134	52	19
134	81	7
135	25	4
135	9	5
135	149	6
135	112	10
136	134	14
136	52	13
136	85	7
136	86	6
137	82	16
137	66	20
137	51	5
137	80	8
138	53	8
138	63	18
138	114	15
138	48	10
138	40	11
139	148	3
139	104	13
139	127	18
140	104	7
141	76	2
141	35	12
142	137	4
142	118	15
142	40	15
142	109	12
143	4	20
143	135	5
143	67	16
144	149	2
144	98	3
144	64	3
145	99	6
145	31	20
145	84	19
145	22	13
145	51	6
145	28	4
145	129	12
145	2	11
145	108	12
146	137	2
146	61	1
146	97	1
146	58	6
147	104	18
147	10	7
148	91	15
148	128	20
149	90	15
149	99	5
0	1	2
1	2	2
2	3	2
3	4	2
4	5	2
5	6	2
6	7	2
7	8	2
8	9	2
9	10	2
10	11	2
11	12	2
12	13	2
13	14	2
14	15	2
15	16	2
16	17	2
17	18	2
18	19	2
19	20	2
20	21	2
21	22	2
22	23	2
23	24	2
24	25	2
25	26	2
26	27	2
27	28	2
28	29	2
29	30	2
30	31	2
31	32	2
32	33	2
33	34	2
34	35	2
35	36	2
36	37	2
37	38	2
38	39	2
39	40	2
40	41	2
41	42	2
42	43	2
43	44	2
44	45	2
45	46	2
46	47	2
47	48	2
48	49	2
49	50	2
50	51	2
51	52	2
52	53	2
53	54	2
54	55	2
55	56	2
56	57	2
57	58	2
58	59	2
59	60	2
60	61	2
61	62	2
62	63	2
63	64	2
64	65	2
65	66	2
66	67	2
67	68	2
68	69	2
69	70	2
70	71	2
71	72	2
72	73	2
73	74	2
74	75	2
75	76	2
76	77	2
77	78	2
78	79	2
79	80	2
80	81	2
81	82	2
82	83	2
83	84	2
84	85	2
85	86	2
86	87	2
87	88	2
88	89	2
89	90	2
90	91	2
91	92	2
92	93	2
93	94	2
94	95	2
95	96	2
96	97	2
97	98	2
98	99	2
99	100	2
100	101	2
101	102	2
102	103	2
103	104	2
104	105	2
105	106	2
106	107	2
107	108	2
108	109	2
109	110	2
110	111	2
111	112	2
112	113	2
113	114	2
114	115	2
115	116	2
116	117	2
117	118	2
118	119	2
119	120	2
120	121	2
121	122	2
122	123	2
123	124	2
124	125	2
125	126	2
126	127	2
127	128	2
128	129	2
129	130	2
130	131	2
131	132	2
132	133	2
133	134	2
134	135	2
135	136	2
136	137	2
137	138	2
138	139	2
139	140	2
140	141	2
141	142	2
142	143	2
143	144	2
144	145	2
145	146	2
146	147	2
147	148	2
148	149	2
53	0	17
78	0	5
33	1	12
68	1	17
61	2	1
139	2	8
26	3	13
46	3	14
54	4	17
77	5	9
17	6	1
25	6	13
100	6	7
91	7	9
101	7	3
35	7	16
113	8	2
50	9	7
131	9	17
57	9	14
105	9	17
147	10	8
14	10	10
129	11	10
121	11	3
139	11	19
43	12	5
40	12	19
89	12	13
64	12	11
49	13	8
26	14	9
96	14	19
46	14	15
90	15	20
58	16	18
18	16	12
26	16	13
56	17	10
147	17	2
120	18	7
69	19	5
92	19	4
82	19	3
125	19	18
90	19	10
25	19	8
100	20	7
130	20	18
128	20	14
121	21	12
51	21	2
149	21	8
138	21	10
45	21	8
94	21	6
16	21	15
135	22	8
88	22	5
70	22	10
142	23	10
86	23	4
10	23	2
70	23	7
37	23	15
100	24	7
78	24	1
87	24	9
80	24	13
12	24	10
95	24	9
138	25	6
106	25	20
56	26	15
50	26	12
115	26	1
50	26	11
2	26	5
29	26	6
140	26	15
91	26	1
38	27	16
0	27	17
37	27	17
46	27	12
36	28	4
111	28	18
1	28	6
46	28	17
100	28	13
84	28	12
89	29	17
85	29	6
134	29	12
75	29	16
82	29	16
128	29	1
79	29	3
80	29	1
73	29	1
52	29	14
6	29	10
19	30	17
72	30	10
140	30	17
141	30	7
25	30	17
85	30	3
66	30	12
107	30	17
134	31	6
23	31	9
36	31	12
9	32	13
114	32	4
134	32	8
141	32	15
55	32	8
87	32	5
92	33	12
79	33	2
126	33	1
21	33	7
137	33	1
72	33	6
146	33	14
97	34	14
127	34	1
106	34	15
15	34	11
116	34	19
106	34	7
79	34	9
148	35	4
147	35	8
102	35	10
110	35	5
141	36	5
81	36	8
21	36	5
51	36	9
45	36	12
42	36	18
39	37	13
102	37	13
22	37	3
128	37	15
98	38	12
128	38	2
111	38	10
14	38	3
79	38	12
49	38	12
20	38	17
95	38	19
102	38	1
31	39	12
92	39	2
50	39	18
71	39	16
93	40	11
59	40	14
11	40	15
29	40	18
68	40	3
104	41	4
60	41	9
119	41	19
95	41	20
145	41	1
72	41	5
134	42	3
125	42	19
112	42	20
32	42	3
67	43	3
9	43	3
99	43	2
11	43	10
54	44	13
117	44	4
0	44	6
143	44	10
85	44	5
77	44	16
86	44	16
13	44	2
87	44	14
133	44	18
52	44	1
115	44	10
42	45	12
44	45	15
47	45	12
107	45	6
60	45	14
142	45	10
67	45	8
20	45	5
130	45	16
12	46	10
88	46	14
92	46	15
136	46	14
54	46	1
41	46	5
84	46	18
125	46	16
30	46	1
71	46	2
5	46	19
144	46	6
125	47	13
18	47	7
96	47	9
142	47	15
33	47	18
55	48	16
77	48	18
144	48	1
129	48	13
107	48	5
4	48	12
142	48	3
35	49	1
119	49	7
31	49	9
103	49	5
122	49	18
47	49	5
136	49	9
6	49	16
147	50	18
108	50	5
25	50	11
31	50	13
113	51	19
73	51	12
61	51	4
142	51	5
36	51	14
143	51	16
105	52	16
40	52	3
129	52	15
148	52	20
55	52	12
117	52	19
33	52	10
137	53	6
77	53	16
54	53	2
63	53	5
45	53	11
96	53	14
117	53	6
47	53	2
102	54	10
110	54	20
94	54	4
72	54	16
12	54	13
31	55	5
63	55	1
66	55	18
83	55	15
51	55	7
4	56	7
84	56	19
83	56	12
72	56	13
104	56	6
114	56	19
115	56	9
100	56	7
86	57	8
48	57	1
41	57	6
70	57	6
136	57	7
78	57	17
29	57	10
63	57	7
76	57	1
137	57	9
35	58	7
54	58	16
70	58	10
96	58	19
39	58	4
25	58	10
90	59	20
35	59	11
22	59	7
97	59	9
58	59	12
25	59	8
38	59	2
49	59	17
68	60	14
117	60	13
34	60	2
45	60	19
11	60	16
87	60	18
42	60	8
17	60	11
22	60	9
71	61	17
132	61	1
44	61	5
60	61	2
111	61	8
78	61	13
104	61	7
32	61	6
26	61	6
1	62	17
45	63	7
46	64	20
62	65	7
63	66	6
103	67	6
58	67	5
103	67	15
87	67	15
32	67	8
10	67	2
13	67	7
27	67	12
26	68	9
19	68	11
16	69	12
120	69	14
22	69	20
109	69	4
19	69	6
19	70	3
5	70	13
95	70	1
111	70	3
33	71	4
0	71	1
140	71	5
89	71	1
132	71	8
80	72	2
53	73	12
143	73	12
41	73	8
35	74	9
60	74	16
50	75	18
110	75	17
35	75	15
107	75	8
104	75	18
92	76	9
116	76	5
48	76	9
10	76	12
147	76	19
133	76	20
0	77	9
88	77	17
125	77	5
105	77	9
54	77	17
2	78	20
66	78	4
93	78	15
22	78	16
127	78	18
14	78	1
37	78	4
94	78	5
62	79	19
121	79	18
0	79	19
106	79	20
85	79	2
110	79	6
44	79	20
107	79	18
22	80	7
85	80	16
131	80	15
48	80	7
13	80	16
68	80	4
33	81	19
4	81	19
28	81	2
115	81	3
90	81	3
145	81	13
120	82	3
31	83	20
47	84	15
66	84	6
115	84	14
77	84	1
32	84	10
30	85	18
30	85	13
54	85	6
128	85	1
146	85	4
83	85	8
41	85	11
92	86	19
102	86	13
110	86	10
114	86	17
50	86	19
115	86	6
34	87	3
127	87	12
82	87	17
107	87	1
52	87	7
134	87	2
135	87	17
39	87	19
116	87	16
109	88	6
82	88	4
79	88	4
149	88	15
61	88	15
82	88	3
135	88	19
50	88	8
78	88	2
96	88	4
60	88	20
69	88	10
38	88	18
91	88	7
4	88	16
114	88	7
45	88	4
20	88	1
45	88	18
146	88	6
44	89	14
50	89	13
105	89	13
106	89	5
21	89	19
74	90	12
136	90	7
134	90	11
20	90	7
63	90	5
12	90	13
53	90	20
18	90	6
132	90	12
72	90	20
67	91	10
86	92	7
121	93	3
79	94	20
131	94	11
4	94	5
37	94	5
99	94	3
86	94	5
137	94	18
20	94	14
133	94	9
105	94	5
120	95	4
139	95	14
42	95	10
59	95	15
35	96	18
143	96	14
50	96	8
142	96	17
38	96	5
118	97	15
101	97	14
78	97	6
87	97	20
42	97	12
121	98	13
44	98	10
73	98	20
116	98	10
52	98	13
126	98	10
91	99	14
66	99	2
96	99	19
119	99	9
43	99	1
85	99	15
85	100	14
70	100	6
18	100	17
95	100	8
77	100	9
101	100	1
145	100	14
99	101	6
52	101	10
9	101	15
40	101	16
32	102	2
110	102	9
34	103	5
140	103	8
105	104	2
96	104	19
119	104	6
45	104	1
120	104	14
4	104	2
45	104	11
16	104	8
103	104	1
11	105	2
122	105	5
23	105	17
136	105	9
63	105	14
71	105	2
53	105	9
85	105	15
121	105	3
111	105	20
106	105	9
63	106	11
117	107	12
91	108	7
115	108	16
5	108	11
10	108	19
65	108	15
83	108	16
55	108	10
125	108	10
114	108	20
19	108	18
85	109	6
64	109	12
114	109	16
26	109	7
19	109	14
143	109	11
19	109	19
2	110	1
95	110	8
122	110	4
143	110	6
4	110	17
87	110	5
101	110	3
108	110	7
50	110	7
148	111	10
31	112	7
17	112	2
67	113	15
58	114	3
93	114	15
6	114	17
17	114	1
117	114	9
110	114	13
71	114	3
144	114	18
138	114	11
118	114	1
127	114	15
129	114	20
93	114	9
141	114	11
146	114	18
61	114	19
142	114	12
73	114	2
115	114	5
136	114	15
74	114	18
147	114	20
83	114	5
69	114	18
16	114	13
47	114	12
40	115	6
48	115	8
141	115	3
81	115	18
58	115	11
43	115	13
50	115	13
67	115	7
41	115	2
98	115	16
39	115	13
112	116	1
26	116	9
96	116	13
141	116	6
67	116	16
122	117	10
100	118	17
28	118	18
72	118	1
119	118	15
127	118	6
41	118	18
13	118	8
143	118	11
28	118	13
42	118	14
35	118	2
8	118	7
101	118	5
57	118	1
65	118	5
113	118	12
37	118	13
2	119	16
23	120	10
98	121	11
1	121	4
84	121	20
14	121	1
107	121	14
129	121	18
101	121	6
17	121	12
34	121	3
26	121	16
75	121	12
11	121	11
43	121	5
98	121	8
50	121	2
62	121	17
148	121	2
52	121	3
56	121	3
107	121	12
45	122	11
148	122	16
143	122	20
118	122	5
42	122	7
24	122	4
28	123	1
48	123	17
36	123	8
114	123	9
37	123	10
29	124	3
133	124	12
83	124	7
21	124	18
26	125	9
133	125	16
121	125	19
59	126	3
79	126	14
92	126	6
66	126	11
33	127	13
48	127	19
23	128	4
90	128	6
2	128	11
83	128	6
127	129	16
84	129	11
89	129	9
131	129	8
65	129	3
99	130	6
113	130	10
79	130	19
21	130	17
75	130	3
112	130	9
133	130	3
143	130	18
85	130	1
5	130	6
62	130	10
68	130	3
120	130	10
102	131	8
96	131	18
66	131	1
7	131	15
44	131	3
29	132	12
123	132	7
106	132	12
99	132	18
120	133	5
85	133	19
103	133	13
70	133	11
145	134	9
55	134	18
52	134	19
81	134	7
25	135	4
9	135	5
149	135	6
112	135	10
134	136	14
52	136	13
85	136	7
86	136	6
82	137	16
66	137	20
51	137	5
80	137	8
53	138	8
63	138	18
114	138	15
48	138	10
40	138	11
148	139	3
104	139	13
127	139	18
104	140	7
76	141	2
35	141	12
137	142	4
118	142	15
40	142	15
109	142	12
4	143	20
135	143	5
67	143	16
149	144	2
98	144	3
64	144	3
99	145	6
31	145	20
84	145	19
22	145	13
51	145	6
28	145	4
129	145	12
2	145	11
108	145	12
137	146	2
61	146	1
97	146	1
58	146	6
104	147	18
10	147	7
91	148	15
128	148	20
90	149	15
99	149	5
1	0	2
2	1	2
3	2	2
4	3	2
5	4	2
6	5	2
7	6	2
8	7	2
9	8	2
10	9	2
11	10	2
12	11	2
13	12	2
14	13	2
15	14	2
16	15	2
17	16	2
18	17	2
19	18	2
20	19	2
21	20	2
22	21	2
23	22	2
24	23	2
25	24	2
26	25	2
27	26	2
28	27	2
29	28	2
30	29	2
31	30	2
32	31	2
33	32	2
34	33	2
35	34	2
36	35	2
37	36	2
38	37	2
39	38	2
40	39	2
41	40	2
42	41	2
43	42	2
44	43	2
45	44	2
46	45	2
47	46	2
48	47	2
49	48	2
50	49	2
51	50	2
52	51	2
53	52	2
54	53	2
55	54	2
56	55	2
57	56	2
58	57	2
59	58	2
60	59	2
61	60	2
62	61	2
63	62	2
64	63	2
65	64	2
66	65	2
67	66	2
68	67	2
69	68	2
70	69	2
71	70	2
72	71	2
73	72	2
74	73	2
75	74	2
76	75	2
77	76	2
78	77	2
79	78	2
80	79	2
81	80	2
82	81	2
83	82	2
84	83	2
85	84	2
86	85	2
87	86	2
88	87	2
89	88	2
90	89	2
91	90	2
92	91	2
93	92	2
94	93	2
95	94	2
96	95	2
97	96	2
98	97	2
99	98	2
100	99	2
101	100	2
102	101	2
103	102	2
104	103	2
105	104	2
106	105	2
107	106	2
108	107	2
109	108	2
110	109	2
111	110	2
112	111	2
113	112	2
114	113	2
115	114	2
116	115	2
117	116	2
118	117	2
119	118	2
120	119	2
121	120	2
122	121	2
123	122	2
124	123	2
125	124	2
126	125	2
127	126	2
128	127	2
129	128	2
130	129	2
131	130	2
132	131	2
133	132	2
134	133	2
135	134	2
136	135	2
137	136	2
138	137	2
139	138	2
140	139	2
141	140	2
142	141	2
143	142	2
144	143	2
145	144	2
146	145	2
147	146	2
148	147	2
149	148	2