50

0 1 10
0 2 2
0 3 7
2 3 10
2 9 21
2 8 4
3 5 11
4 5 20
4 6 13
4 8 40
4 7 42
5 6 14
7 16 45
7 19 22
8 16 3
9 10 42
9 12 12
10 11 43
10 12 11
11 12 16
11 40 14
12 13 2
12 14 9
13 15 12
13 24 18
14 17 30
15 17 4
15 23 6
16 18 5
16 17 20
17 21 12
18 19 30
18 20 2
19 32 18
20 32 4
20 21 8
20 29 50
21 22 10
22 23 4
22 28 16
23 27 17
23 25 8
24 25 9
25 26 19
25 26 19
26 27 44
26 39 27
27 28 46
28 29 20
29 30 60
30 31 21
31 32 4
32 49 6
32 35 14
32 34 5
34 33 11
32 35 14
29 35 15
33 46 21
33 49 25
34 46 20
35 36 14
36 37 21
36 44 11
36 45 60
36 38 14
38 39 39
39 40 22
38 43 20
37 38 14
39 42 11
41 42 15
42 43 18
42 47 12
43 45 10
45 46 9
46 48 27
46 49 26
47 48 70
48 49 8